serial_time: 2.798383
total_time: 21.622711
